{
 "cells": [
  {
   "cell_type": "code",
   "execution_count": 136,
   "metadata": {},
   "outputs": [],
   "source": [
    "import numpy as np"
   ]
  },
  {
   "cell_type": "code",
   "execution_count": 182,
   "metadata": {},
   "outputs": [
    {
     "data": {
      "text/plain": [
       "(matrix([[ 3,  2,  2],\n",
       "         [ 2,  3, -2]]),\n",
       " matrix([[ 3,  2],\n",
       "         [ 2,  3],\n",
       "         [ 2, -2]]))"
      ]
     },
     "execution_count": 182,
     "metadata": {},
     "output_type": "execute_result"
    }
   ],
   "source": [
    "# A = np.matrix([[4, 11, 14], [8, 7, -2]])\n",
    "A = np.matrix([\n",
    "    [3, 2, 2],\n",
    "    [2, 3, -2]\n",
    "])\n",
    "A, A.T"
   ]
  },
  {
   "cell_type": "code",
   "execution_count": 183,
   "metadata": {},
   "outputs": [
    {
     "data": {
      "text/plain": [
       "matrix([[13, 12,  2],\n",
       "        [12, 13, -2],\n",
       "        [ 2, -2,  8]])"
      ]
     },
     "execution_count": 183,
     "metadata": {},
     "output_type": "execute_result"
    }
   ],
   "source": [
    "B = A.T @ A\n",
    "B"
   ]
  },
  {
   "cell_type": "code",
   "execution_count": 139,
   "metadata": {},
   "outputs": [
    {
     "data": {
      "text/plain": [
       "2"
      ]
     },
     "execution_count": 139,
     "metadata": {},
     "output_type": "execute_result"
    }
   ],
   "source": [
    "B.ndim"
   ]
  },
  {
   "cell_type": "code",
   "execution_count": 140,
   "metadata": {},
   "outputs": [
    {
     "data": {
      "text/plain": [
       "(3, 3)"
      ]
     },
     "execution_count": 140,
     "metadata": {},
     "output_type": "execute_result"
    }
   ],
   "source": [
    "B.shape"
   ]
  },
  {
   "cell_type": "code",
   "execution_count": 141,
   "metadata": {},
   "outputs": [],
   "source": [
    "from numpy.linalg import det\n",
    "\n",
    "def detC(B, x):\n",
    "    return det(B - x * np.eye(B.shape[0]))"
   ]
  },
  {
   "cell_type": "code",
   "execution_count": 142,
   "metadata": {},
   "outputs": [
    {
     "data": {
      "text/plain": [
       "-682499.9999999999"
      ]
     },
     "execution_count": 142,
     "metadata": {},
     "output_type": "execute_result"
    }
   ],
   "source": [
    "import seaborn as sns\n",
    "detC(B, 100)"
   ]
  },
  {
   "cell_type": "code",
   "execution_count": 143,
   "metadata": {},
   "outputs": [],
   "source": [
    "from scipy.optimize import root_scalar"
   ]
  },
  {
   "cell_type": "code",
   "execution_count": 144,
   "metadata": {},
   "outputs": [
    {
     "data": {
      "text/plain": [
       "      converged: True\n",
       "           flag: 'converged'\n",
       " function_calls: 17\n",
       "     iterations: 16\n",
       "           root: 25.0"
      ]
     },
     "execution_count": 144,
     "metadata": {},
     "output_type": "execute_result"
    }
   ],
   "source": [
    "root_scalar(lambda x: detC(B, x), bracket=[-1000, 1000], method='brentq')"
   ]
  },
  {
   "cell_type": "code",
   "execution_count": 145,
   "metadata": {},
   "outputs": [
    {
     "data": {
      "text/plain": [
       "matrix([[12.999, 12.   ,  2.   ],\n",
       "        [12.   , 12.999, -2.   ],\n",
       "        [ 2.   , -2.   ,  7.999]])"
      ]
     },
     "execution_count": 145,
     "metadata": {},
     "output_type": "execute_result"
    }
   ],
   "source": [
    "B - 0.001 * np.eye(B.shape[0])"
   ]
  },
  {
   "cell_type": "code",
   "execution_count": 146,
   "metadata": {},
   "outputs": [
    {
     "name": "stdout",
     "output_type": "stream",
     "text": [
      "[[ 100 -100  -50]\n",
      " [-100  100   50]\n",
      " [ -50   50   24]]\n"
     ]
    }
   ],
   "source": [
    "import numpy as np\n",
    "\n",
    "# Calculate the cofactors\n",
    "C = np.zeros_like(B)\n",
    "for i in range(3):\n",
    "    for j in range(3):\n",
    "        sub_matrix = np.delete(np.delete(B, i, 0), j, 1)\n",
    "        sign = (-1) ** (i + j)\n",
    "        C[i, j] = sign * np.linalg.det(sub_matrix)\n",
    "\n",
    "# Print the cofactors\n",
    "print(C)"
   ]
  },
  {
   "cell_type": "code",
   "execution_count": 147,
   "metadata": {},
   "outputs": [
    {
     "ename": "ValueError",
     "evalue": "shapes (1,3) and (1,3) not aligned: 3 (dim 1) != 1 (dim 0)",
     "output_type": "error",
     "traceback": [
      "\u001b[0;31m---------------------------------------------------------------------------\u001b[0m",
      "\u001b[0;31mValueError\u001b[0m                                Traceback (most recent call last)",
      "Cell \u001b[0;32mIn[147], line 2\u001b[0m\n\u001b[1;32m      1\u001b[0m \u001b[39m# Calculate the determinant\u001b[39;00m\n\u001b[0;32m----> 2\u001b[0m det_B \u001b[39m=\u001b[39m np\u001b[39m.\u001b[39msum(B[\u001b[39m0\u001b[39;49m] \u001b[39m*\u001b[39;49m C[\u001b[39m0\u001b[39;49m])\n\u001b[1;32m      4\u001b[0m \u001b[39m# Print the determinant\u001b[39;00m\n\u001b[1;32m      5\u001b[0m \u001b[39mprint\u001b[39m(det_B)\n",
      "File \u001b[0;32m~/opt/anaconda3/envs/jose-luis/lib/python3.10/site-packages/numpy/matrixlib/defmatrix.py:218\u001b[0m, in \u001b[0;36mmatrix.__mul__\u001b[0;34m(self, other)\u001b[0m\n\u001b[1;32m    215\u001b[0m \u001b[39mdef\u001b[39;00m \u001b[39m__mul__\u001b[39m(\u001b[39mself\u001b[39m, other):\n\u001b[1;32m    216\u001b[0m     \u001b[39mif\u001b[39;00m \u001b[39misinstance\u001b[39m(other, (N\u001b[39m.\u001b[39mndarray, \u001b[39mlist\u001b[39m, \u001b[39mtuple\u001b[39m)) :\n\u001b[1;32m    217\u001b[0m         \u001b[39m# This promotes 1-D vectors to row vectors\u001b[39;00m\n\u001b[0;32m--> 218\u001b[0m         \u001b[39mreturn\u001b[39;00m N\u001b[39m.\u001b[39;49mdot(\u001b[39mself\u001b[39;49m, asmatrix(other))\n\u001b[1;32m    219\u001b[0m     \u001b[39mif\u001b[39;00m isscalar(other) \u001b[39mor\u001b[39;00m \u001b[39mnot\u001b[39;00m \u001b[39mhasattr\u001b[39m(other, \u001b[39m'\u001b[39m\u001b[39m__rmul__\u001b[39m\u001b[39m'\u001b[39m) :\n\u001b[1;32m    220\u001b[0m         \u001b[39mreturn\u001b[39;00m N\u001b[39m.\u001b[39mdot(\u001b[39mself\u001b[39m, other)\n",
      "File \u001b[0;32m<__array_function__ internals>:180\u001b[0m, in \u001b[0;36mdot\u001b[0;34m(*args, **kwargs)\u001b[0m\n",
      "\u001b[0;31mValueError\u001b[0m: shapes (1,3) and (1,3) not aligned: 3 (dim 1) != 1 (dim 0)"
     ]
    }
   ],
   "source": [
    "# Calculate the determinant\n",
    "det_B = np.sum(B[0] * C[0])\n",
    "\n",
    "# Print the determinant\n",
    "print(det_B)"
   ]
  },
  {
   "cell_type": "code",
   "execution_count": 148,
   "metadata": {},
   "outputs": [
    {
     "data": {
      "text/plain": [
       "matrix([[ 3,  2,  2],\n",
       "        [ 2,  3, -2]])"
      ]
     },
     "execution_count": 148,
     "metadata": {},
     "output_type": "execute_result"
    }
   ],
   "source": [
    "A"
   ]
  },
  {
   "cell_type": "code",
   "execution_count": 149,
   "metadata": {},
   "outputs": [
    {
     "data": {
      "text/plain": [
       "500"
      ]
     },
     "execution_count": 149,
     "metadata": {},
     "output_type": "execute_result"
    }
   ],
   "source": [
    "26**2-4*44"
   ]
  },
  {
   "cell_type": "code",
   "execution_count": 150,
   "metadata": {},
   "outputs": [
    {
     "data": {
      "text/plain": [
       "matrix([[-2],\n",
       "        [ 2],\n",
       "        [-8]])"
      ]
     },
     "execution_count": 150,
     "metadata": {},
     "output_type": "execute_result"
    }
   ],
   "source": [
    "(B * C).sum(axis=1)"
   ]
  },
  {
   "cell_type": "code",
   "execution_count": 151,
   "metadata": {},
   "outputs": [
    {
     "data": {
      "text/plain": [
       "-1152"
      ]
     },
     "execution_count": 151,
     "metadata": {},
     "output_type": "execute_result"
    }
   ],
   "source": [
    "560-2000+560-272\n"
   ]
  },
  {
   "cell_type": "code",
   "execution_count": 152,
   "metadata": {},
   "outputs": [
    {
     "data": {
      "text/plain": [
       "296"
      ]
     },
     "execution_count": 152,
     "metadata": {},
     "output_type": "execute_result"
    }
   ],
   "source": [
    "8*37"
   ]
  },
  {
   "cell_type": "code",
   "execution_count": 153,
   "metadata": {},
   "outputs": [
    {
     "data": {
      "text/plain": [
       "-324"
      ]
     },
     "execution_count": 153,
     "metadata": {},
     "output_type": "execute_result"
    }
   ],
   "source": [
    "-296-144 + 116"
   ]
  },
  {
   "cell_type": "code",
   "execution_count": 154,
   "metadata": {},
   "outputs": [
    {
     "data": {
      "text/plain": [
       "1729"
      ]
     },
     "execution_count": 154,
     "metadata": {},
     "output_type": "execute_result"
    }
   ],
   "source": [
    "55*55-4*324"
   ]
  },
  {
   "cell_type": "code",
   "execution_count": 155,
   "metadata": {},
   "outputs": [
    {
     "data": {
      "text/plain": [
       "(array([2.50000000e+01, 3.44694725e-15, 9.00000000e+00]),\n",
       " matrix([[-7.07106781e-01, -6.66666667e-01,  2.35702260e-01],\n",
       "         [-7.07106781e-01,  6.66666667e-01, -2.35702260e-01],\n",
       "         [-1.16847159e-17,  3.33333333e-01,  9.42809042e-01]]))"
      ]
     },
     "execution_count": 155,
     "metadata": {},
     "output_type": "execute_result"
    }
   ],
   "source": [
    "np.linalg.eig(B)"
   ]
  },
  {
   "cell_type": "code",
   "execution_count": 156,
   "metadata": {},
   "outputs": [
    {
     "data": {
      "text/plain": [
       "(matrix([[-0.70710678, -0.70710678],\n",
       "         [-0.70710678,  0.70710678]]),\n",
       " array([5., 3.]),\n",
       " matrix([[-7.07106781e-01, -7.07106781e-01, -6.47932334e-17],\n",
       "         [-2.35702260e-01,  2.35702260e-01, -9.42809042e-01],\n",
       "         [-6.66666667e-01,  6.66666667e-01,  3.33333333e-01]]))"
      ]
     },
     "execution_count": 156,
     "metadata": {},
     "output_type": "execute_result"
    }
   ],
   "source": [
    "np.linalg.svd(A)"
   ]
  },
  {
   "cell_type": "code",
   "execution_count": 157,
   "metadata": {},
   "outputs": [
    {
     "data": {
      "text/plain": [
       "(array([2.50000000e+01, 3.44694725e-15, 9.00000000e+00]),\n",
       " matrix([[-7.07106781e-01, -6.66666667e-01,  2.35702260e-01],\n",
       "         [-7.07106781e-01,  6.66666667e-01, -2.35702260e-01],\n",
       "         [-1.16847159e-17,  3.33333333e-01,  9.42809042e-01]]))"
      ]
     },
     "execution_count": 157,
     "metadata": {},
     "output_type": "execute_result"
    }
   ],
   "source": [
    "np.linalg.eig(B)"
   ]
  },
  {
   "cell_type": "code",
   "execution_count": 158,
   "metadata": {},
   "outputs": [
    {
     "data": {
      "text/plain": [
       "matrix([[34]])"
      ]
     },
     "execution_count": 158,
     "metadata": {},
     "output_type": "execute_result"
    }
   ],
   "source": [
    "B.trace()"
   ]
  },
  {
   "cell_type": "code",
   "execution_count": 159,
   "metadata": {},
   "outputs": [
    {
     "data": {
      "text/plain": [
       "matrix([[13, 12,  2],\n",
       "        [12, 13, -2],\n",
       "        [ 2, -2,  8]])"
      ]
     },
     "execution_count": 159,
     "metadata": {},
     "output_type": "execute_result"
    }
   ],
   "source": [
    "B"
   ]
  },
  {
   "cell_type": "code",
   "execution_count": 160,
   "metadata": {},
   "outputs": [
    {
     "data": {
      "text/plain": [
       "-225"
      ]
     },
     "execution_count": 160,
     "metadata": {},
     "output_type": "execute_result"
    }
   ],
   "source": [
    "12*12-13*13+4-13*8+4-13*8"
   ]
  },
  {
   "cell_type": "code",
   "execution_count": 161,
   "metadata": {},
   "outputs": [
    {
     "data": {
      "text/plain": [
       "256"
      ]
     },
     "execution_count": 161,
     "metadata": {},
     "output_type": "execute_result"
    }
   ],
   "source": [
    "34*34-4*225"
   ]
  },
  {
   "cell_type": "code",
   "execution_count": 162,
   "metadata": {},
   "outputs": [
    {
     "data": {
      "text/plain": [
       "array([ 0.,  0., -0.])"
      ]
     },
     "execution_count": 162,
     "metadata": {},
     "output_type": "execute_result"
    }
   ],
   "source": [
    "np.linalg.solve(B-9*np.eye(3), np.zeros(3))"
   ]
  },
  {
   "cell_type": "code",
   "execution_count": 163,
   "metadata": {},
   "outputs": [
    {
     "data": {
      "text/plain": [
       "matrix([[ 4., 12.,  2.],\n",
       "        [12.,  4., -2.],\n",
       "        [ 2., -2., -1.]])"
      ]
     },
     "execution_count": 163,
     "metadata": {},
     "output_type": "execute_result"
    }
   ],
   "source": [
    "B-9*np.eye(3)"
   ]
  },
  {
   "cell_type": "code",
   "execution_count": 164,
   "metadata": {},
   "outputs": [
    {
     "data": {
      "text/plain": [
       "(matrix([[-0.70710678, -0.70710678],\n",
       "         [-0.70710678,  0.70710678]]),\n",
       " array([1.73205081, 1.        ]),\n",
       " matrix([[-8.16496581e-01, -4.08248290e-01, -4.08248290e-01],\n",
       "         [ 1.19879883e-16, -7.07106781e-01,  7.07106781e-01],\n",
       "         [-5.77350269e-01,  5.77350269e-01,  5.77350269e-01]]))"
      ]
     },
     "execution_count": 164,
     "metadata": {},
     "output_type": "execute_result"
    }
   ],
   "source": [
    "np.linalg.svd(np.matrix([[1, 1, 0], [1, 0, 1]]))"
   ]
  },
  {
   "cell_type": "code",
   "execution_count": 165,
   "metadata": {},
   "outputs": [
    {
     "data": {
      "text/plain": [
       "(matrix([[-7.07106781e-01,  2.35702260e-01, -6.66666667e-01],\n",
       "         [-7.07106781e-01, -2.35702260e-01,  6.66666667e-01],\n",
       "         [ 3.82351164e-17,  9.42809042e-01,  3.33333333e-01]]),\n",
       " array([2.50000000e+01, 9.00000000e+00, 1.64557685e-15]),\n",
       " matrix([[-7.07106781e-01, -7.07106781e-01,  4.44228810e-18],\n",
       "         [ 2.35702260e-01, -2.35702260e-01,  9.42809042e-01],\n",
       "         [ 6.66666667e-01, -6.66666667e-01, -3.33333333e-01]]))"
      ]
     },
     "execution_count": 165,
     "metadata": {},
     "output_type": "execute_result"
    }
   ],
   "source": [
    "np.linalg.svd(B)"
   ]
  },
  {
   "cell_type": "code",
   "execution_count": 166,
   "metadata": {},
   "outputs": [
    {
     "name": "stderr",
     "output_type": "stream",
     "text": [
      "/var/folders/h3/d7vpv1m17lv29p7dw5y0yy1c0000gn/T/ipykernel_27803/3452961482.py:1: FutureWarning: `rcond` parameter will change to the default of machine precision times ``max(M, N)`` where M and N are the input matrix dimensions.\n",
      "To use the future default and silence this warning we advise to pass `rcond=None`, to keep using the old, explicitly pass `rcond=-1`.\n",
      "  np.linalg.lstsq(B-np.eye(3)*9, np.zeros(3))\n"
     ]
    },
    {
     "data": {
      "text/plain": [
       "(array([0., 0., 0.]),\n",
       " array([], dtype=float64),\n",
       " 2,\n",
       " array([1.60000000e+01, 9.00000000e+00, 1.00863023e-16]))"
      ]
     },
     "execution_count": 166,
     "metadata": {},
     "output_type": "execute_result"
    }
   ],
   "source": [
    "np.linalg.lstsq(B-np.eye(3)*9, np.zeros(3))"
   ]
  },
  {
   "cell_type": "code",
   "execution_count": 167,
   "metadata": {},
   "outputs": [
    {
     "name": "stderr",
     "output_type": "stream",
     "text": [
      "/var/folders/h3/d7vpv1m17lv29p7dw5y0yy1c0000gn/T/ipykernel_27803/3452961482.py:1: FutureWarning: `rcond` parameter will change to the default of machine precision times ``max(M, N)`` where M and N are the input matrix dimensions.\n",
      "To use the future default and silence this warning we advise to pass `rcond=None`, to keep using the old, explicitly pass `rcond=-1`.\n",
      "  np.linalg.lstsq(B-np.eye(3)*9, np.zeros(3))\n"
     ]
    },
    {
     "data": {
      "text/plain": [
       "(array([0., 0., 0.]),\n",
       " array([], dtype=float64),\n",
       " 2,\n",
       " array([1.60000000e+01, 9.00000000e+00, 1.00863023e-16]))"
      ]
     },
     "execution_count": 167,
     "metadata": {},
     "output_type": "execute_result"
    }
   ],
   "source": [
    "np.linalg.lstsq(B-np.eye(3)*9, np.zeros(3))"
   ]
  },
  {
   "cell_type": "code",
   "execution_count": 168,
   "metadata": {},
   "outputs": [
    {
     "data": {
      "text/plain": [
       "matrix([[316., 309.,  14.]])"
      ]
     },
     "execution_count": 168,
     "metadata": {},
     "output_type": "execute_result"
    }
   ],
   "source": [
    "B @ np.array([1.60000000e+01, 9.00000000e+00, 1.00863023e-16])"
   ]
  },
  {
   "cell_type": "code",
   "execution_count": 169,
   "metadata": {},
   "outputs": [
    {
     "data": {
      "text/plain": [
       "array([1.44000000e+02, 8.10000000e+01, 9.07767207e-16])"
      ]
     },
     "execution_count": 169,
     "metadata": {},
     "output_type": "execute_result"
    }
   ],
   "source": [
    "np.array([1.60000000e+01, 9.00000000e+00, 1.00863023e-16]) * 9"
   ]
  },
  {
   "cell_type": "code",
   "execution_count": 170,
   "metadata": {},
   "outputs": [
    {
     "data": {
      "text/plain": [
       "matrix([[ 4., 12.,  2.],\n",
       "        [12.,  4., -2.],\n",
       "        [ 2., -2., -1.]])"
      ]
     },
     "execution_count": 170,
     "metadata": {},
     "output_type": "execute_result"
    }
   ],
   "source": [
    "B-np.eye(3)*9"
   ]
  },
  {
   "cell_type": "code",
   "execution_count": 171,
   "metadata": {},
   "outputs": [
    {
     "data": {
      "text/plain": [
       "(matrix([[-0.4472136 , -0.89442719],\n",
       "         [-0.89442719,  0.4472136 ]]),\n",
       " array([3., 2.]),\n",
       " matrix([[-0.89442719, -0.4472136 ],\n",
       "         [-0.4472136 ,  0.89442719]]))"
      ]
     },
     "execution_count": 171,
     "metadata": {},
     "output_type": "execute_result"
    }
   ],
   "source": [
    "np.linalg.svd(np.matrix([[2, -1], [2, 2]]))"
   ]
  },
  {
   "cell_type": "code",
   "execution_count": 172,
   "metadata": {},
   "outputs": [
    {
     "data": {
      "text/plain": [
       "(matrix([[ 2, -1],\n",
       "         [ 2,  2]]),\n",
       " matrix([[ 2,  2],\n",
       "         [-1,  2]]),\n",
       " matrix([[8, 2],\n",
       "         [2, 5]]))"
      ]
     },
     "execution_count": 172,
     "metadata": {},
     "output_type": "execute_result"
    }
   ],
   "source": [
    "A = np.matrix([[\n",
    "    2, -1], [2, 2],\n",
    "    ])\n",
    "B = A.T @ A\n",
    "A, A.T, B"
   ]
  },
  {
   "cell_type": "code",
   "execution_count": 184,
   "metadata": {},
   "outputs": [],
   "source": [
    "evals, evecs = np.linalg.eig(B)"
   ]
  },
  {
   "cell_type": "code",
   "execution_count": 185,
   "metadata": {},
   "outputs": [
    {
     "data": {
      "text/plain": [
       "(array([2.50000000e+01, 3.44694725e-15, 9.00000000e+00]),\n",
       " matrix([[-7.07106781e-01, -6.66666667e-01,  2.35702260e-01],\n",
       "         [-7.07106781e-01,  6.66666667e-01, -2.35702260e-01],\n",
       "         [-1.16847159e-17,  3.33333333e-01,  9.42809042e-01]]))"
      ]
     },
     "execution_count": 185,
     "metadata": {},
     "output_type": "execute_result"
    }
   ],
   "source": [
    "evals, evecs"
   ]
  },
  {
   "cell_type": "code",
   "execution_count": 200,
   "metadata": {},
   "outputs": [
    {
     "data": {
      "text/plain": [
       "matrix([[-7.07106781e-01, -7.07106781e-01, -1.16847159e-17],\n",
       "        [ 2.35702260e-01, -2.35702260e-01,  9.42809042e-01],\n",
       "        [-6.66666667e-01,  6.66666667e-01,  3.33333333e-01]])"
      ]
     },
     "execution_count": 200,
     "metadata": {},
     "output_type": "execute_result"
    }
   ],
   "source": [
    "np.argsort(evals)[::-1]\n",
    "evecs[:,np.argsort(evals)[::-1]].T"
   ]
  },
  {
   "cell_type": "code",
   "execution_count": 212,
   "metadata": {},
   "outputs": [],
   "source": [
    "def mysvd(A):\n",
    "    B = A.T @ A\n",
    "    avals, avecs = np.linalg.eig(B)\n",
    "    # Los ordeno decrecientemente\n",
    "    order = np.argsort(avals)[::-1]\n",
    "    avals, avecs = avals[order], avecs[:,order]\n",
    "    VT = avecs.T\n",
    "    S = np.sqrt(avals)\n",
    "    U = A @ VT @ np.diag(1/S)\n",
    "    return U, S, VT"
   ]
  },
  {
   "cell_type": "code",
   "execution_count": 216,
   "metadata": {},
   "outputs": [
    {
     "data": {
      "text/plain": [
       "[array([[-0.707, -0.707],\n",
       "        [-0.707,  0.707]]),\n",
       " array([5., 3.]),\n",
       " array([[-0.707, -0.707, -0.   ],\n",
       "        [-0.236,  0.236, -0.943],\n",
       "        [-0.667,  0.667,  0.333]])]"
      ]
     },
     "execution_count": 216,
     "metadata": {},
     "output_type": "execute_result"
    }
   ],
   "source": [
    "[x.round(3) for x in np.linalg.svd(A)]"
   ]
  },
  {
   "cell_type": "code",
   "execution_count": 217,
   "metadata": {},
   "outputs": [
    {
     "data": {
      "text/plain": [
       "[array([[-5.97000000e-01, -4.20000000e-01,  4.34722188e+07],\n",
       "        [ 1.25000000e-01, -1.15200000e+00,  3.68205482e+07]]),\n",
       " array([5., 3., 0.]),\n",
       " array([[-0.707, -0.707, -0.   ],\n",
       "        [ 0.236, -0.236,  0.943],\n",
       "        [-0.667,  0.667,  0.333]])]"
      ]
     },
     "execution_count": 217,
     "metadata": {},
     "output_type": "execute_result"
    }
   ],
   "source": [
    "[x.round(3) for x in  mysvd(A)]"
   ]
  },
  {
   "cell_type": "code",
   "execution_count": 178,
   "metadata": {},
   "outputs": [
    {
     "name": "stderr",
     "output_type": "stream",
     "text": [
      "/var/folders/h3/d7vpv1m17lv29p7dw5y0yy1c0000gn/T/ipykernel_27803/1044445800.py:1: FutureWarning: `rcond` parameter will change to the default of machine precision times ``max(M, N)`` where M and N are the input matrix dimensions.\n",
      "To use the future default and silence this warning we advise to pass `rcond=None`, to keep using the old, explicitly pass `rcond=-1`.\n",
      "  np.linalg.lstsq(B - np.eye(2) * evals[0], np.zeros(2))\n"
     ]
    },
    {
     "data": {
      "text/plain": [
       "(array([0., 0.]),\n",
       " array([], dtype=float64),\n",
       " 1,\n",
       " array([5.00000000e+00, 1.04061363e-16]))"
      ]
     },
     "execution_count": 178,
     "metadata": {},
     "output_type": "execute_result"
    }
   ],
   "source": [
    "np.linalg.lstsq(B - np.eye(2) * evals[0], np.zeros(2))"
   ]
  },
  {
   "cell_type": "code",
   "execution_count": 156,
   "metadata": {},
   "outputs": [],
   "source": [
    "u, s, vh = np.linalg.svd(A)"
   ]
  },
  {
   "cell_type": "code",
   "execution_count": 165,
   "metadata": {},
   "outputs": [],
   "source": [
    "assert np.allclose(\n",
    "    u @ np.diag(s) @ vh, A\n",
    ")"
   ]
  },
  {
   "cell_type": "code",
   "execution_count": 164,
   "metadata": {},
   "outputs": [
    {
     "data": {
      "text/plain": [
       "matrix([[ 1.11022302e-15, -5.55111512e-16],\n",
       "        [ 4.44089210e-16,  2.22044605e-16]])"
      ]
     },
     "execution_count": 164,
     "metadata": {},
     "output_type": "execute_result"
    }
   ],
   "source": [
    "A - u @ np.diag(s) @ vh"
   ]
  },
  {
   "cell_type": "code",
   "execution_count": 162,
   "metadata": {},
   "outputs": [
    {
     "data": {
      "text/plain": [
       "matrix([[ 2., -1.],\n",
       "        [ 2.,  2.]])"
      ]
     },
     "execution_count": 162,
     "metadata": {},
     "output_type": "execute_result"
    }
   ],
   "source": [
    "u @ np.diag(s) @ vh"
   ]
  },
  {
   "cell_type": "code",
   "execution_count": 22,
   "metadata": {},
   "outputs": [
    {
     "data": {
      "text/plain": [
       "(1024, 1024, 3)"
      ]
     },
     "execution_count": 22,
     "metadata": {},
     "output_type": "execute_result"
    }
   ],
   "source": [
    "import numpy as np\n",
    "import matplotlib.pyplot as plt\n",
    "import matplotlib.image as mpimg\n",
    "\n",
    "img = mpimg.imread('jupiter.jpg')\n",
    "img.shape"
   ]
  },
  {
   "cell_type": "code",
   "execution_count": 24,
   "metadata": {},
   "outputs": [
    {
     "data": {
      "text/plain": [
       "<matplotlib.image.AxesImage at 0x16d66a9b0>"
      ]
     },
     "execution_count": 24,
     "metadata": {},
     "output_type": "execute_result"
    },
    {
     "data": {
